
model_type: resnet18

batch_size: 1 MFU: 0.013674448066224585 THROUGHPUT: 309.933923601177 FLOPS: 1.1295094102701506
time_list: [0.0025823116302490234, 0.0023429393768310547, 0.0032122135162353516, 0.0040302276611328125, 0.0035500526428222656, 0.003927946090698242, 0.0032148361206054688, 0.002550840377807617, 0.0032501220703125, 0.0035431385040283203, 0.0032715797424316406, 0.003634929656982422, 0.003101825714111328, 0.0035314559936523438, 0.002327442169189453, 0.0035393238067626953, 0.004029273986816406, 0.0027227401733398438, 0.0037038326263427734, 0.0025513172149658203, 0.0036351680755615234, 0.002861499786376953, 0.0030438899993896484, 0.0037932395935058594, 0.002897500991821289, 0.003014802932739258, 0.003960132598876953, 0.003316640853881836, 0.0031845569610595703, 0.002325773239135742, 0.003671884536743164, 0.0038056373596191406, 0.003129720687866211, 0.0025076866149902344, 0.003198862075805664, 0.003966569900512695, 0.0032143592834472656, 0.002305269241333008, 0.0033817291259765625]
batch_size: 2 MFU: 0.02780116689324557 THROUGHPUT: 630.1186486054427 FLOPS: 2.296376385382084
time_list: [0.003030061721801758, 0.0026810169219970703, 0.002405881881713867, 0.002443552017211914, 0.0036437511444091797, 0.0044863224029541016, 0.0038161277770996094, 0.0036160945892333984, 0.003557443618774414, 0.003766775131225586, 0.0029304027557373047, 0.003325223922729492, 0.0024454593658447266, 0.0023665428161621094, 0.0034532546997070312, 0.003185272216796875, 0.003188610076904297, 0.003030061721801758, 0.003141641616821289, 0.003187894821166992, 0.0023412704467773438, 0.0029959678649902344, 0.0033156871795654297, 0.003589630126953125, 0.0028781890869140625, 0.003068208694458008, 0.0033140182495117188, 0.0036046504974365234, 0.0038919448852539062, 0.003283977508544922, 0.003287076950073242, 0.0035936832427978516, 0.0027196407318115234, 0.0023832321166992188, 0.0029578208923339844, 0.003547191619873047, 0.003371715545654297, 0.003200531005859375, 0.0027403831481933594]
batch_size: 4 MFU: 0.043378043180270255 THROUGHPUT: 983.1714637323801 FLOPS: 3.583026366690323
time_list: [0.0026700496673583984, 0.00249481201171875, 0.0036420822143554688, 0.00404810905456543, 0.0033986568450927734, 0.0024671554565429688, 0.004225015640258789, 0.004400014877319336, 0.0030438899993896484, 0.0029730796813964844, 0.004561424255371094, 0.004343509674072266, 0.003198385238647461, 0.0029358863830566406, 0.003930807113647461, 0.003928661346435547, 0.005763053894042969, 0.002925395965576172, 0.0035851001739501953, 0.0052144527435302734, 0.003064870834350586, 0.003972768783569336, 0.004877567291259766, 0.0036163330078125, 0.003391265869140625, 0.0033223628997802734, 0.004774332046508789, 0.004765748977661133, 0.004042625427246094, 0.003658771514892578, 0.004746198654174805, 0.004543304443359375, 0.007936477661132812, 0.007946252822875977, 0.0052051544189453125, 0.004960060119628906, 0.003109455108642578, 0.003662586212158203, 0.0033245086669921875]
batch_size: 8 MFU: 0.04326194317514516 THROUGHPUT: 980.5400353965326 FLOPS: 3.5734365062669897
time_list: [0.0027534961700439453, 0.00252532958984375, 0.002446889877319336, 0.003709077835083008, 0.003623485565185547, 0.0036458969116210938, 0.0042459964752197266, 0.0046308040618896484, 0.0033807754516601562, 0.0034873485565185547, 0.0032498836517333984, 0.004750967025756836, 0.007507801055908203, 0.009297609329223633, 0.008278846740722656, 0.006358623504638672, 0.005677700042724609, 0.009849071502685547, 0.005722761154174805, 0.004946470260620117, 0.004066944122314453, 0.00388336181640625, 0.003573179244995117, 0.0032324790954589844, 0.002403736114501953, 0.003664255142211914, 0.003184795379638672, 0.002378225326538086, 0.0028486251831054688, 0.003078937530517578, 0.003188610076904297, 0.1433262825012207, 0.008279561996459961, 0.00687408447265625, 0.006292819976806641, 0.004983663558959961, 0.0042591094970703125, 0.004436492919921875, 0.004148006439208984]
batch_size: 16 MFU: 0.15609417967373687 THROUGHPUT: 3537.903783998605 FLOPS: 12.893379241050665
time_list: [0.0026502609252929688, 0.0024781227111816406, 0.0023946762084960938, 0.0025565624237060547, 0.0023751258850097656, 0.002345561981201172, 0.002773284912109375, 0.002520322799682617, 0.004419803619384766, 0.004909992218017578, 0.005456447601318359, 0.0058176517486572266, 0.005491018295288086, 0.0064694881439208984, 0.005760908126831055, 0.005020618438720703, 0.0041522979736328125, 0.0040514469146728516, 0.0037119388580322266, 0.003177165985107422, 0.003194093704223633, 0.003362417221069336, 0.0034248828887939453, 0.0033538341522216797, 0.009529352188110352, 0.007361888885498047, 0.005511283874511719, 0.005419731140136719, 0.0036401748657226562, 0.004050731658935547, 0.004130840301513672, 0.0052530765533447266, 0.005133390426635742, 0.004643917083740234, 0.004956960678100586, 0.0038764476776123047, 0.008697748184204102, 0.006890535354614258, 0.005411624908447266]
batch_size: 32 MFU: 0.2761716223133736 THROUGHPUT: 6259.4814852017935 FLOPS: 22.81177600308466
time_list: [0.005165576934814453, 0.007058620452880859, 0.006966590881347656, 0.004736185073852539, 0.004664421081542969, 0.0034379959106445312, 0.0036306381225585938, 0.003527402877807617, 0.004040241241455078, 0.00465083122253418, 0.0071620941162109375, 0.007645606994628906, 0.007666826248168945, 0.007798194885253906, 0.006920337677001953, 0.005501270294189453, 0.004396915435791016, 0.007627725601196289, 0.007366180419921875, 0.005919694900512695, 0.0054895877838134766, 0.0034530162811279297, 0.0028493404388427734, 0.0026330947875976562, 0.002531766891479492, 0.0035669803619384766, 0.0035600662231445312, 0.0038764476776123047, 0.0029082298278808594, 0.003210783004760742, 0.004966020584106445, 0.004350423812866211, 0.004790782928466797, 0.004353046417236328, 0.006323099136352539, 0.007553577423095703, 0.006688594818115234, 0.005486726760864258, 0.00490260124206543]
batch_size: 64 MFU: 0.5006503817704401 THROUGHPUT: 11347.33456319898 FLOPS: 41.353721534238346
time_list: [0.003042459487915039, 0.0030574798583984375, 0.0025649070739746094, 0.003990650177001953, 0.002848386764526367, 0.002736330032348633, 0.004913806915283203, 0.00724482536315918, 0.011483430862426758, 0.006148338317871094, 0.004833221435546875, 0.005233049392700195, 0.009893178939819336, 0.0067195892333984375, 0.005318641662597656, 0.00429987907409668, 0.00850677490234375, 0.007281780242919922, 0.005277395248413086, 0.006792783737182617, 0.007295370101928711, 0.00501704216003418, 0.004419565200805664, 0.0046923160552978516, 0.005799055099487305, 0.004777193069458008, 0.0051038265228271484, 0.004959583282470703, 0.005426168441772461, 0.004946470260620117, 0.005191326141357422, 0.005026102066040039, 0.0054645538330078125, 0.005211830139160156, 0.0034279823303222656, 0.0048122406005859375, 0.009116888046264648, 0.008371591567993164, 0.008717536926269531]
batch_size: 128 MFU: 0.7848804418725397 THROUGHPUT: 17789.46204843384 FLOPS: 64.83112449867177
time_list: [0.009016275405883789, 0.00675201416015625, 0.0034847259521484375, 0.0034503936767578125, 0.002787351608276367, 0.002500295639038086, 0.0024755001068115234, 0.006924152374267578, 0.011339187622070312, 0.006271839141845703, 0.0113983154296875, 0.0052642822265625, 0.007405281066894531, 0.006496906280517578, 0.007676601409912109, 0.007081031799316406, 0.007596015930175781, 0.00746917724609375, 0.0077362060546875, 0.007698535919189453, 0.007613420486450195, 0.010964155197143555, 0.007437705993652344, 0.00751495361328125, 0.012774944305419922, 0.006087541580200195, 0.004853963851928711, 0.011134147644042969, 0.009148836135864258, 0.010406494140625, 0.008054494857788086, 0.00535893440246582, 0.0075490474700927734, 0.007857561111450195, 0.009431600570678711, 0.00794839859008789, 0.007694721221923828, 0.0044062137603759766, 0.0035543441772460938]
batch_size: 256 MFU: 1.3349928025113067 THROUGHPUT: 30257.86161590188 FLOPS: 110.27040548743392
time_list: [0.0051038265228271484, 0.007745981216430664, 0.010824203491210938, 0.0050699710845947266, 0.0038022994995117188, 0.0027031898498535156, 0.010739564895629883, 0.004737377166748047, 0.00514531135559082, 0.005000114440917969, 0.005492210388183594, 0.005367755889892578, 0.005871295928955078, 0.0075435638427734375, 0.010782241821289062, 0.0047490596771240234, 0.004724979400634766, 0.0048542022705078125, 0.00438690185546875, 0.0032453536987304688, 0.007580995559692383, 0.0047626495361328125, 0.0046160221099853516, 0.06820559501647949]
batch_size: 512 MFU: 3.4534438693108527 THROUGHPUT: 78272.95135923215 FLOPS: 285.2544636050764
time_list: [0.0076825618743896484, 0.006920576095581055, 0.005376577377319336, 0.007857084274291992, 0.007738828659057617, 0.006943225860595703, 0.0058155059814453125, 0.007590055465698242, 0.004209280014038086, 0.0035054683685302734, 0.0074765682220458984, 0.007378816604614258]
batch_size: 1024 MFU: 8.221569758866833 THROUGHPUT: 186343.41665461488 FLOPS: 679.1016620824004
time_list: [0.00609135627746582, 0.003977775573730469, 0.00315093994140625, 0.007535457611083984, 0.00680851936340332, 0.0054073333740234375]
