
model_type: resnet18

batch_size: 1 MFU: 0.01335545546585184 THROUGHPUT: 302.7038966374223 FLOPS: 1.103160621479362
time_list: [0.0028896331787109375, 0.0024802684783935547, 0.0038106441497802734, 0.0038895606994628906, 0.004202604293823242, 0.00393223762512207, 0.003531932830810547, 0.002387523651123047, 0.0033464431762695312, 0.0033788681030273438, 0.0037872791290283203, 0.003034830093383789, 0.0028967857360839844, 0.0038170814514160156, 0.0035483837127685547, 0.0025391578674316406, 0.003070354461669922, 0.0034401416778564453, 0.0038940906524658203, 0.003407001495361328, 0.002469778060913086, 0.0032854080200195312, 0.0038580894470214844, 0.002693653106689453, 0.0038721561431884766, 0.003131389617919922, 0.003670215606689453, 0.0027976036071777344, 0.0028657913208007812, 0.0033750534057617188, 0.0038824081420898438, 0.002720355987548828, 0.003659963607788086, 0.002792835235595703, 0.003778219223022461, 0.0030221939086914062, 0.002742290496826172, 0.0033080577850341797, 0.0036284923553466797]
batch_size: 2 MFU: 0.021366554088819444 THROUGHPUT: 484.2769456224882 FLOPS: 1.764877367736486
time_list: [0.0026040077209472656, 0.002685546875, 0.003599882125854492, 0.0026874542236328125, 0.0032923221588134766, 0.00689697265625, 0.009920835494995117, 0.0063822269439697266, 0.007624149322509766, 0.005532026290893555, 0.0038170814514160156, 0.006479740142822266, 0.004935026168823242, 0.004284381866455078, 0.0030205249786376953, 0.0038945674896240234, 0.0053408145904541016, 0.005998373031616211, 0.004068613052368164, 0.002387523651123047, 0.0031211376190185547, 0.0027861595153808594, 0.003521442413330078, 0.004051685333251953, 0.005663871765136719, 0.0056879520416259766, 0.003013134002685547, 0.0032007694244384766, 0.0030031204223632812, 0.0028743743896484375, 0.0031981468200683594, 0.003374814987182617, 0.0034132003784179688, 0.0033550262451171875, 0.003240346908569336, 0.0032219886779785156, 0.0023429393768310547, 0.0033571720123291016, 0.0031855106353759766]
batch_size: 4 MFU: 0.052372223916346924 THROUGHPUT: 1187.026252723509 FLOPS: 4.3259456954902555
time_list: [0.00262451171875, 0.0024056434631347656, 0.002355337142944336, 0.002381563186645508, 0.0023474693298339844, 0.0023374557495117188, 0.002347230911254883, 0.00371551513671875, 0.003431081771850586, 0.0036971569061279297, 0.0036661624908447266, 0.0034570693969726562, 0.0034935474395751953, 0.003402233123779297, 0.0035212039947509766, 0.0029375553131103516, 0.0033059120178222656, 0.0032262802124023438, 0.0030782222747802734, 0.003248929977416992, 0.003222227096557617, 0.0030333995819091797, 0.002881765365600586, 0.0026497840881347656, 0.009404182434082031, 0.0030884742736816406, 0.0028543472290039062, 0.0031821727752685547, 0.0030829906463623047, 0.0028388500213623047, 0.009432554244995117, 0.0034132003784179688, 0.0030117034912109375, 0.0024733543395996094, 0.0034804344177246094, 0.002939939498901367, 0.002805471420288086, 0.0037038326263427734, 0.0029420852661132812]
batch_size: 8 MFU: 0.052116143168455864 THROUGHPUT: 1181.2221346656377 FLOPS: 4.304793425714454
time_list: [0.0027327537536621094, 0.0024662017822265625, 0.00240325927734375, 0.002417325973510742, 0.0023763179779052734, 0.002398967742919922, 0.0023810863494873047, 0.002360820770263672, 0.004594564437866211, 0.0042002201080322266, 0.004242658615112305, 0.004328489303588867, 0.006020069122314453, 0.0050275325775146484, 0.005103349685668945, 0.0031812191009521484, 0.0036313533782958984, 0.003812551498413086, 0.0035943984985351562, 0.0031108856201171875, 0.0025925636291503906, 0.003201007843017578, 0.003014802932739258, 0.0034494400024414062, 0.0027017593383789062, 0.002982616424560547, 0.0028352737426757812, 0.0035333633422851562, 0.008024454116821289, 0.13293075561523438, 0.0028641223907470703, 0.0035665035247802734, 0.002485513687133789, 0.0033502578735351562, 0.0024275779724121094, 0.002989053726196289, 0.003826618194580078, 0.0031685829162597656, 0.003804922103881836]
batch_size: 16 MFU: 0.14039389518782852 THROUGHPUT: 3182.0538989570846 FLOPS: 11.596535742514636
time_list: [0.0026633739471435547, 0.0025572776794433594, 0.0025043487548828125, 0.0024688243865966797, 0.0024030208587646484, 0.0024292469024658203, 0.002384662628173828, 0.002406597137451172, 0.005657196044921875, 0.0055751800537109375, 0.008652925491333008, 0.0074498653411865234, 0.005699634552001953, 0.007792949676513672, 0.0069119930267333984, 0.0063838958740234375, 0.004927158355712891, 0.004522085189819336, 0.0046863555908203125, 0.005897045135498047, 0.006503105163574219, 0.006436824798583984, 0.005646228790283203, 0.005228996276855469, 0.004824161529541016, 0.005536079406738281, 0.004525899887084961, 0.00589442253112793, 0.0061168670654296875, 0.004213094711303711, 0.004416465759277344, 0.0031151771545410156, 0.00471949577331543, 0.0055806636810302734, 0.005374908447265625, 0.005430459976196289, 0.007378101348876953, 0.0062825679779052734, 0.00490260124206543]
batch_size: 32 MFU: 0.26970388922574073 THROUGHPUT: 6112.889104803901 FLOPS: 22.277541250046184
time_list: [0.002659320831298828, 0.002448558807373047, 0.002408742904663086, 0.002424955368041992, 0.002377033233642578, 0.0023925304412841797, 0.0023796558380126953, 0.0023658275604248047, 0.007495880126953125, 0.009428739547729492, 0.005079746246337891, 0.004897594451904297, 0.005174875259399414, 0.00496673583984375, 0.00489497184753418, 0.0046045780181884766, 0.007929801940917969, 0.006812095642089844, 0.0050811767578125, 0.00481867790222168, 0.007616519927978516, 0.00729680061340332, 0.006269693374633789, 0.004762887954711914, 0.006977558135986328, 0.008264303207397461, 0.005818843841552734, 0.004979848861694336, 0.007580280303955078, 0.008311033248901367, 0.005304813385009766, 0.0051059722900390625, 0.003575563430786133, 0.003391742706298828, 0.0033800601959228516, 0.0043065547943115234, 0.005923748016357422, 0.007335186004638672, 0.007315874099731445]
batch_size: 64 MFU: 0.43382793696926875 THROUGHPUT: 9832.791350811167 FLOPS: 35.834187593661596
time_list: [0.007598161697387695, 0.004887819290161133, 0.00463557243347168, 0.0034151077270507812, 0.003318309783935547, 0.003289937973022461, 0.0024268627166748047, 0.002439737319946289, 0.009998083114624023, 0.005835533142089844, 0.010432958602905273, 0.009459972381591797, 0.010616064071655273, 0.007482767105102539, 0.007133007049560547, 0.005774259567260742, 0.007063388824462891, 0.0033795833587646484, 0.006785154342651367, 0.006511688232421875, 0.009536027908325195, 0.007018327713012695, 0.005460977554321289, 0.004474163055419922, 0.00760650634765625, 0.006231784820556641, 0.006583213806152344, 0.006224155426025391, 0.007213115692138672, 0.006536960601806641, 0.007714033126831055, 0.006676912307739258, 0.008246421813964844, 0.0066683292388916016, 0.007153987884521484, 0.006775379180908203, 0.007306098937988281, 0.0069882869720458984, 0.00694584846496582]
batch_size: 128 MFU: 0.7747668904863038 THROUGHPUT: 17560.236514247903 FLOPS: 63.99574515416869
time_list: [0.0048792362213134766, 0.003506898880004883, 0.0033178329467773438, 0.006806612014770508, 0.007701396942138672, 0.006675004959106445, 0.006172657012939453, 0.007117509841918945, 0.008638620376586914, 0.008431196212768555, 0.007096767425537109, 0.0076372623443603516, 0.008172035217285156, 0.0075206756591796875, 0.009557485580444336, 0.006058692932128906, 0.007505893707275391, 0.008584976196289062, 0.006630659103393555, 0.007409811019897461, 0.00734257698059082, 0.008799552917480469, 0.006776332855224609, 0.007353067398071289, 0.0073854923248291016, 0.009187698364257812, 0.007397174835205078, 0.007367849349975586, 0.007267475128173828, 0.007827520370483398, 0.007546186447143555, 0.00740361213684082, 0.007374763488769531, 0.007253885269165039, 0.007191181182861328, 0.008469343185424805, 0.007318258285522461, 0.007293224334716797, 0.00830221176147461]
batch_size: 256 MFU: 1.413672644445178 THROUGHPUT: 32041.154952553366 FLOPS: 116.76936043117169
time_list: [0.004170417785644531, 0.0038611888885498047, 0.003751039505004883, 0.0046062469482421875, 0.0069789886474609375, 0.0061914920806884766, 0.0036356449127197266, 0.007184267044067383, 0.007358074188232422, 0.00734710693359375, 0.006879329681396484, 0.007270336151123047, 0.008366107940673828, 0.0072917938232421875, 0.00620722770690918, 0.0073206424713134766, 0.007512092590332031, 0.0064542293548583984, 0.0059299468994140625, 0.007229804992675781, 0.007247209548950195, 0.00693511962890625, 0.005832672119140625, 0.04619240760803223]
batch_size: 512 MFU: 3.1347077938970185 THROUGHPUT: 71048.73858166118 FLOPS: 258.9268637758937
time_list: [0.007445096969604492, 0.010570764541625977, 0.007775306701660156, 0.003924131393432617, 0.002708911895751953, 0.008559942245483398, 0.006884336471557617, 0.007530927658081055, 0.007452487945556641, 0.004225969314575195, 0.008713483810424805, 0.010684490203857422]
batch_size: 1024 MFU: 9.38991060076155 THROUGHPUT: 212824.08040632613 FLOPS: 775.606615622904
time_list: [0.0027048587799072266, 0.0024673938751220703, 0.0028090476989746094, 0.008684396743774414, 0.006559848785400391, 0.005643367767333984]
